A0_h=527.726, xi0=71.0436 (nm)
A2_h=0.0840569, xi2=2.67633e+07 (nm)
r_c=249.25 nm, r_fit=175 nm, dr=0.5 nm
N=4000, rho=3.2e-05 nm^-3, L=500.0 nm
